pincode,officename,officeType,Deliverystatus,divisionname,regionname,circlename,Taluk,Districtname,statename
413725,Belpimpalgaon B.O,B.O,Delivery,Shrirampur,Pune,Maharashtra,Shrirampur.,Ahmed Nagar,MAHARASHTRA
413725,Ghogargaon B.O,B.O,Delivery,Shrirampur,Pune,Maharashtra,Shrirampur.,Ahmed Nagar,MAHARASHTRA
413725,Kamalpur B.O,B.O,Delivery,Shrirampur,Pune,Maharashtra,Shrirampur.,Ahmed Nagar,MAHARASHTRA
413725,Khirdi B.O,B.O,Delivery,Shrirampur,Pune,Maharashtra,Shrirampur.,Ahmed Nagar,MAHARASHTRA
413725,Pachegaon B.O,B.O,Delivery,Shrirampur,Pune,Maharashtra,Shrirampur.,Ahmed Nagar,MAHARASHTRA
413725,Takalibhan S.O,S.O,Delivery,Shrirampur,Pune,Maharashtra,Shrirampur.,Ahmed Nagar,MAHARASHTRA
