pincode,officename,officeType,Deliverystatus,divisionname,regionname,circlename,Taluk,Districtname,statename
450337,Aabud B.O,B.O,Delivery,Khandwa,Indore,Madhya Pradesh,Pandhana,East Nimar,MADHYA PRADESH
450337,Borgaon Bujurg B.O,B.O,Delivery,Khandwa,Indore,Madhya Pradesh,Pandhana,East Nimar,MADHYA PRADESH
450337,Khirala B.O,B.O,Delivery,Khandwa,Indore,Madhya Pradesh,Pandhana,East Nimar,MADHYA PRADESH
450337,Kumthi B.O,B.O,Delivery,Khandwa,Indore,Madhya Pradesh,Pandhana,Khandwa,MADHYA PRADESH
450337,Rustampur S.O,S.O,Delivery,Khandwa,Indore,Madhya Pradesh,Pandhana,East Nimar,MADHYA PRADESH
450337,Saiyadpur B.O,B.O,Delivery,Khandwa,Indore,Madhya Pradesh,Pandhana,East Nimar,MADHYA PRADESH
450337,Suktanagar B.O,B.O,Delivery,Khandwa,Indore,Madhya Pradesh,Pandhana,East Nimar,MADHYA PRADESH
