pincode	officename	officeType	Deliverystatus	divisionname	regionname	circlename	Taluk	Districtname	statename
473111	Bhamawad B.O	B.O	Delivery	Guna	Gwalior	Madhya Pradesh	Raghogarh	Guna	MADHYA PRADESH
473111	Dongar Vijaypur B.O	B.O	Delivery	Guna	Gwalior	Madhya Pradesh	Raghogarh	Guna	MADHYA PRADESH
473111	N.F.L.Vijaipur S.O	S.O	Delivery	Guna	Gwalior	Madhya Pradesh	Raghogarh	Guna	MADHYA PRADESH
473111	Vijaypur B.O	B.O	Delivery	Guna	Gwalior	Madhya Pradesh	Raghogarh	Guna	MADHYA PRADESH
